OBJECTID,RegionID,COUNT,AREA,MEAN
1,1,20905946,90.737583811266987,42.082923154972278
2,2,14205589,61.656182527014678,20.527279650284125
3,3,6991010,30.342915637513158,24.676638711716905
4,4,2060147,8.941607381748248,16.698731207044933
5,5,1823524,7.914598161779277,19.739881131260130
6,6,3539311,15.361587966248415,17.688957540040985
7,7,4046,0.017560758269460,22.466139396935244
8,8,1668600,7.242185182506455,26.351079947261177
9,9,1559132,6.767063806767143,15.566562035799405
10,10,3282925,14.248801864005756,16.787739896586125
11,11,622120,2.700172747057962,16.808999871407444
12,12,2807319,12.184540371790026,23.066482647679155
13,13,5708260,24.775426099660972,21.343129955538114
14,14,2173415,9.433221807765353,21.224697078100593
15,15,4923247,21.368252710787100,18.122761462100115
16,16,6597009,28.632842400013022,22.478069985958790
17,17,625507,2.714873263187142,32.191499055965799
18,18,2075490,9.008200242383030,14.283057976670570
19,19,1073258,4.658236356590264,14.911186313076632
20,20,1965229,8.529637027467325,11.615697203735545
21,21,3389706,14.712260917088114,15.834497446091195
22,22,3188228,13.837790710806779,15.086274883728516
23,23,2831893,12.291198323770677,16.664415639997699
24,24,1873815,8.132875001653083,12.956119467503463
25,25,1732369,7.518960267549757,12.991333832457173
26,26,482870,2.095789259904646,16.621417772899537
27,27,2937444,12.749318836894698,16.356151810894097
28,28,694730,3.015320215655465,27.461580757992312
29,29,519,0.002252603445835,25.795761078998073
30,30,49157293,213.356238149783223,14.816394934521719
31,31,7796530,33.839095074294050,38.479555904998762
32,32,274515,1.191470972896895,50.508245451068248
33,33,11134395,48.326351723105574,42.705902116819097
34,34,92791,0.402738586401748,22.852873662316387
35,36,23731587,103.001646727054307,8.183740472139515
36,38,6630320,28.777421346803429,16.905413313384571
37,39,3079153,13.364375063688302,16.032057517115909
38,40,3257,0.014136280198624,24.416334049739024
39,41,1652,0.007170136594451,36.868644067796609
40,42,58045157,251.932024416673158,45.455692797936614
41,44,1590782,6.904433554475599,18.517241834519123
42,45,443665,1.925628724078105,20.584425185669367
43,46,465565,2.020680776994856,21.637674653378152
44,47,423994,1.840251147232196,21.392576310042124
45,48,345499,1.499561152086059,23.141398383208056
46,49,212331,0.921575225929988,17.145452147825800
47,50,17139,0.074387997029233,47.978295116401192
48,51,2277053,9.883039372157420,26.912853148345690
49,52,4714,0.020460062897240,33.965846414934241
50,53,42534,0.184609315925165,38.584779235435178
51,54,190370,0.826258416153514,48.864253821505493
52,55,115503,0.501314943746280,22.244790178610078
53,56,2612277,11.338004184347605,18.826834213982668
54,57,2194119,9.523082890120989,9.392586728431777
55,58,497,0.002157117365280,25.295774647887324
56,59,892541,3.873874628418731,15.123669388857207
57,60,74213,0.322104931648898,19.905569105143304
58,61,860468,3.734668943797773,28.819078687411967
59,62,5198874,22.564550071028446,8.835497840493922
60,63,6426170,27.891353922010971,21.669685987143197
61,64,1527859,6.631330343257300,27.089657488027363
62,65,429607,1.864613118603051,21.675659381713984
63,66,2152492,9.342410204880549,25.177884981686343
64,67,2086237,9.054845192734460,19.787065419700639
65,68,413071,1.792842308236320,32.800107003396512
66,69,20925213,90.821207916451783,13.482911261166135
67,70,106644,0.462864435217079,15.537564232399385
68,71,9926299,43.082881178789791,19.058211021046212
69,72,1368423,5.939334036917794,17.460799767323408
70,73,2289375,9.936520257821357,17.743242151242150
71,74,11668663,50.645222508846530,6.612852217944764
72,76,27979376,121.438225028752683,41.307683630971610
73,77,10312041,44.757108073594061,43.713026257362628
74,78,2790349,12.110885881470518,28.500607630084982
75,79,472551,2.051001947847662,17.017532499137658
76,80,112921,0.490108350110159,8.709283481371932
77,81,6633310,28.790398773206217,7.773119754692605
78,82,7015320,30.448427756527138,9.387429511412167
79,83,17286723,75.029155678229372,8.131492591163751
80,84,523088,2.270346495713135,12.771984828556572
81,85,10647277,46.212124969100913,11.748647189323618
82,86,2787854,12.100056891880230,9.321012506393807
83,87,232,0.001006944122223,19.271551724137932
84,88,6076916,26.375495032084622,10.170487464365149
85,89,1061900,4.608939497365220,11.364532441849516
86,90,1826161,7.926043470616787,11.196363299840485
87,91,4752090,20.625384024893386,8.296347501836035
88,92,979043,4.249317216610732,11.684605272699974
89,93,405341,1.759291971750179,13.160677059562195
90,94,899487,3.904022188215980,12.199527063759676
91,95,11473653,49.798825210248552,10.126369169435401
92,96,863931,3.749699320932509,12.874065174186365
93,97,4896573,21.252480178389778,10.539015960754593
94,99,2884709,12.520434361526437,14.607292451335645
95,100,28726611,124.681431456206965,12.081908408896545
96,101,2574994,11.176185659740517,12.979865972503237
97,102,22705641,98.548757526975336,10.976536535568409
98,103,4191414,18.191895220274549,10.027916831885372
99,104,4514975,19.596239388941079,9.068506470135494
100,105,5227044,22.686815656903555,7.594690230271641
101,106,4025571,17.472090763111407,15.729542964215511
102,107,5665538,24.590000811774697,17.428329842638068
103,108,1972657,8.561876600484020,19.178251971832914
104,109,129275,0.561089230174111,11.136058789402437
105,110,11643764,50.537153967039494,12.202327615022083
106,111,9416541,40.870390567340593,23.060127067890427
107,112,4290,0.018619785708350,39.730536130536130
108,113,3414017,14.817777376378485,17.908424299000270
109,114,340,0.001475693972224,51.464705882352938
110,115,24661101,107.035994394399566,16.213901520455231
111,116,1750574,7.597974999209550,18.546030045002382
112,117,3676391,15.956553053637833,18.063927911911438
113,118,3930240,17.058327874681872,16.912978596726916
114,119,10331250,44.840480442748301,23.168846848154871
115,120,7856128,34.097766866519279,22.098273729755931
116,121,649282,2.818063334333067,17.286578097036418
117,122,29703178,128.920002148478801,20.833384966416723
118,123,1212586,5.262958385301913,10.750083705403163
119,124,12346196,53.585902991442211,34.485240717059732
120,125,4874282,21.155731077404969,26.552017507399039
121,126,3569988,15.494734625030478,20.180109008769776
122,127,400783,1.739508991969606,18.008875126939017
123,128,8936474,38.786767102154016,14.708382411228410
124,129,4474777,19.421768958660365,16.531929077136134
125,130,4635296,20.118465784329043,16.811798642416797
126,131,3486735,15.133393594825989,14.811635240418328
127,132,3667411,15.917577371665576,16.573436410590467
128,133,255218,1.107716659420432,15.948808469622049
129,134,16365477,71.030693416067479,17.220400114216041
130,135,2984052,12.951610438828212,16.230534521516383
131,136,2481527,10.770513046499879,12.008637423650841
132,137,3487992,15.138849322246827,13.035212236725313
133,138,4782611,20.757853600558779,14.532243789009812
134,139,3708228,16.094734433031011,16.843183590653002
135,140,17771,0.077131051707013,16.167069945416689
136,141,4361138,18.928544290102984,13.003664869123609
137,142,2043780,8.870570078091241,16.346917476440712
138,143,3443491,14.945702682664711,11.104558135914978
139,144,2320,0.010069441222231,13.321120689655173
140,145,117,0.000507812337500,14.452991452991453
141,146,230,0.000998263569445,20.560869565217391
142,147,124144,0.538819272022703,15.718101559479315
143,148,2103042,9.127783537449803,13.429604354073765
144,150,39108259,169.740653148402686,17.264783277619184
145,151,78,0.000338541558334,44.602564102564102
146,152,825614,3.583392950539305,33.222593124632091
147,153,848717,3.683666355951895,24.581338655877047
148,154,760949,3.302728977851555,35.673102928054313
149,155,687126,2.982316753994325,28.763791502577401
150,156,342526,1.486657510381881,25.251540029078086
151,157,345115,1.497894485952724,29.613966359039740
152,158,350240,1.520138402445799,25.379771014161719
153,159,21104630,91.599927285317762,18.957523396524838
154,160,2507488,10.883190961831923,17.215230541482153
155,161,1625668,7.055848436578511,21.688865746265535
156,162,1126768,4.890484546159914,15.212737670931372
157,163,2222537,9.646424864540542,40.047371989757650
158,164,1493532,6.482341675655778,40.682106576892899
159,165,2926757,12.702934303126600,43.076161430552659
160,166,8684438,37.692861202203041,13.560329407613942
161,167,312784,1.357569010023432,25.802211749961636
162,168,144882,0.628827923775561,33.950794439612928
163,169,6457110,28.025642073483315,22.131441155563401
164,170,29428,0.127725653572336,30.148939785238547
165,171,6486,0.028151032658358,23.891612704286153
166,172,6386606,27.719635226960818,10.380008254775698
167,173,2471,0.010724822956954,29.400242816673412
168,174,214294,0.930095188481385,22.267781645776363
169,175,958344,4.159477835637041,31.967392710759395
170,177,347,0.001506075906946,27.942363112391931
171,178,1,0.000004340276389,40.000000000000000
172,179,3733921,16.206249154290834,14.261561238172956
173,180,7763861,33.697302584945312,7.003248898969211
174,181,2854690,12.390143604608266,11.880985325902287
175,182,390653,1.695541992150122,8.850132982467816
176,183,10071,0.043710923512539,32.092443650084398
177,184,6705,0.029101553187526,26.956748695003728
178,185,7333,0.031827246759751,43.860084549297696
179,186,13215822,57.360320186409460,41.470097508879888
180,187,13431,0.058294252179219,41.200282927555655
181,188,2123573,9.216893751990160,33.950584698524608
182,189,61704,0.267812414300239,39.944882017373267
183,190,204727,0.888571764268848,24.148695579967470
184,191,2249441,9.763195660507314,20.533064436897877
185,192,1361508,5.909321025688601,24.491178898691746
186,193,9320,0.040451375944480,22.381330472103006
187,194,118144,0.512777613689346,14.792609019501626
188,195,1356026,5.885527630524691,16.446715623446750
189,196,403542,1.751483814526561,29.939820390442630
190,197,935906,4.062090714023065,26.739311426574890
191,198,66,0.000286458241667,81.969696969696969
192,199,118263,0.513294106579624,25.046870111531078
193,200,3254,0.014123259369457,27.893054701905346
194,201,4583036,19.891642940245507,24.334510573340467
195,202,19146022,83.099027227821296,15.487723559494500
196,204,780325,3.386826173162741,26.437791945663665
197,205,64033,0.277920918009970,22.899910983399185
198,206,126425,0.548719442465767,27.239691516709513
199,207,389360,1.689930014779284,20.410632833367579
200,208,463826,2.013133036354572,14.204606900001293
201,209,2334546,10.132574882584031,27.151097900833825
202,210,21224192,92.118859410926561,32.990960032777693
203,211,314877,1.366653208505385,28.836567929699534
204,212,346799,1.505203511391619,29.086842810965429
205,213,13177218,57.192768156692644,25.202708037462838
206,214,2967247,12.878672094112869,18.835520602093457
207,215,45723,0.198450457329344,50.673446624237258
208,216,4909,0.021306416793075,17.112853941739662
209,217,14494299,62.909263723251904,19.982041145970562
210,218,322,0.001397568997223,22.388198757763973
211,219,1553400,6.742185342506009,12.090910261362174
212,220,4829623,20.961898674153407,13.269627463675736
213,221,135813,0.589465957204692,35.380066709372443
214,222,198848,0.863055279378547,10.936313163823623
215,223,3323458,14.424726286876746,14.059246724345545
216,224,10446839,45.342168650264028,19.442367495086312
217,225,244,0.001059027438890,31.717213114754099
218,226,34204,0.148454813605688,40.564203017190970
219,227,2550,0.011067704791677,26.627058823529413
220,228,15677,0.068042512948672,37.179626203993109
221,229,4385008,19.032146687505854,10.845514763028939
222,230,870,0.003776040458337,58.119540229885061
223,231,619532,2.688940111763508,16.531933782274361
224,232,18538631,80.462782411695329,61.077325774486802
225,233,7139312,30.986587306538731,22.616736318569632
226,234,2750398,11.937487499457863,24.663011680491334
227,235,12729,0.055247378154216,15.394610731400739
228,236,226145,0.981531803966153,13.611939242521391
229,237,1437835,6.240601301623618,10.415791102595222
230,238,2093102,9.084641190144209,29.341952757199600
231,239,4636015,20.121586443052657,16.029417721901243
232,240,3936341,17.084807900930507,13.307193914348376
233,241,521700,2.264322192085352,25.564861031244011
234,242,50,0.000217013819445,20.780000000000001
235,243,318060,1.380468308251231,51.589225303401875
236,244,21,0.000091145804167,49.380952380952380
237,245,73,0.000316840176389,51.616438356164380
238,247,227,0.000985242740279,51.083700440528638
239,248,2141703,9.295582962920786,25.519317571110467
240,249,2507235,10.882092871905533,23.816891117107094
241,250,3860128,16.754022416503823,26.940024527684056
242,251,5589368,24.259401959232733,27.476923330151102
243,252,3514922,15.255732965399709,23.093518433694971
244,253,5244731,22.763582125393903,27.482415399378919
245,254,1857445,8.061824677166909,18.294745201069212
246,255,2999,0.013016488890289,16.204401467155719
247,256,2776111,12.049089026245461,24.690659343232312
248,257,10055,0.043641479090317,45.369567379413226
249,258,27289,0.118441802376494,13.513283740701382
250,259,1120,0.004861109555560,34.033928571428568
251,260,2733,0.011861975370844,44.727039882912550
252,261,78136,0.339131835922524,30.144913996109349
253,262,3630788,15.758623429475158,37.486221723769056
254,263,942126,4.089087233161978,15.159750394320929
255,264,1603838,6.961100203008982,19.940062525018114
256,265,715056,3.103540673536100,19.612133874829382
257,266,3787,0.016436626684737,29.633218906786375
258,267,3601566,15.631791872838933,29.608760466974644
259,268,176,0.000763888644445,21.892045454545453
260,269,6171868,26.787612955762764,37.181056853451821
261,270,6115064,26.541067895768101,46.994618862533571
262,271,2910983,12.634470783368206,21.125719044048008
263,272,6172,0.026788185872246,23.220025923525601
264,273,1104699,4.794698986533440,16.986137400323528
265,274,7117619,30.892433690834480,18.369240331633375
266,275,2440133,10.590851645658050,24.473412309902780
267,276,5050148,21.919038124813980,18.128088721360246
268,277,1602478,6.955197427120089,18.310624545235566
269,278,1084,0.004704859605560,23.785055350553506
270,279,2269257,9.849202577429612,19.986271718011665
271,280,3622501,15.722655559040403,28.480373366356559
272,281,2087092,9.058556129046963,23.662603756806121
273,282,434241,1.884725959389180,22.595395183780436
274,283,25753572,111.777620481249627,51.488402036036014
275,284,35745474,155.145236811979942,18.284515432639108
276,285,9592053,41.632161156907941,18.418167309959610
277,286,6342295,27.527313239892592,24.626073842355172
278,287,1743,0.007565101745840,26.112449799196789
279,289,6028176,26.163949960889987,10.376675631235717
280,290,210798,0.914921582225816,29.318399605309349
281,291,1962387,8.517301961970093,31.142539162764532
282,292,5224117,22.674111667913266,28.347196473585871
283,293,880392,3.821144610570073,23.188057138183900
284,294,400713,1.739205172622384,28.392979514016265
285,295,2409670,10.458633806023212,22.925806438225980
286,296,410,0.001779513319446,41.719512195121951
287,297,16440231,71.355146437242766,40.957006626001785
288,298,5023016,21.801277745830543,22.353209506001971
289,299,74035856,321.336077728264172,29.803815586328874
290,300,147538,0.640355697864460,43.970597405414196
291,301,10670013,46.310805493078782,22.073684633748805
292,302,323,0.001401909273612,46.399380804953559
293,303,4386478,19.038526893797524,28.769996110774976
294,304,26103990,113.298531452892661,45.814532605934957
295,305,2928440,12.710238988289108,23.897800876917405
296,306,2199234,9.545283403850174,19.017984443674479
297,307,108605369,471.377318777685446,52.615110492373539
298,308,190075,0.824978034618791,24.177203735367620
299,309,644949,2.799256916739995,26.698100159857603
300,310,2416249,10.487188484385737,16.974850687987868
301,311,249794,1.084175000287078,37.802297092804473
302,312,358550,1.556206099237498,13.385511086319900
303,313,391,0.001697048068057,37.493606138107417
304,314,8069383,35.023352507832605,53.732690962865441
305,315,4501117,19.536091838743801,20.375630982265069
306,316,1799956,7.812306527845853,11.975296618361781
307,317,227550,0.987629892292547,24.260914084816523
308,318,4250211,18.447090451112278,20.264121240098433
309,319,33925038,147.244041423689566,15.468642275360164
310,320,197,0.000855034448612,42.862944162436548
311,321,7717,0.033493912893085,30.412077232085007
312,322,1128,0.004895831766671,22.569148936170212
313,324,1959,0.008502601445841,32.794793261868300
314,325,30174,0.130963499758450,29.919931066481077
315,326,1882,0.008168400163896,32.624867162592984
316,327,1156,0.005017359505560,31.970588235294116
317,328,4607,0.019995653323629,33.617538528326463
318,329,972,0.004218748650004,32.108024691358025
319,330,5899,0.025603290418078,31.275809459230377
320,331,654095,2.838953084592808,21.909103417699264
321,332,4349,0.018875862015295,38.436422166015177
322,334,2410112,10.460552208187101,26.019712776833607
323,335,100769,0.437365311432334,29.846986672488562
324,336,561830,2.438497483571618,18.750009789438085
325,337,1213254,5.265857689929693,24.535008332962430
326,338,51166673,222.077502720096561,43.164842122918564
327,339,2104590,9.134502285299808,31.018758523037743
328,340,17658927,76.644623911280817,56.738015169324839
329,341,2460,0.010677079916676,39.869918699186989
330,342,505122,2.192369090110287,25.440131295013877
331,343,36625,0.158962622743197,24.510034129692833
332,344,51,0.000221354095834,41.549019607843135
333,346,11627832,50.468004683611653,13.602349947952465
334,347,16560,0.071874977000064,34.506944444444443
335,348,66,0.000286458241667,57.166666666666664
336,349,3846798,16.696166532239882,22.061515057458177
337,350,5578772,24.213412390616028,29.695566336104076
338,351,24509673,106.378755021382318,13.518435435674723
339,352,1817910,7.890231850132033,9.868614507868926
340,353,2424845,10.524497500224658,14.582166695190827
341,354,9294,0.040338528758369,18.817301484828921
342,355,10310803,44.751734811424612,26.672445201406720
343,356,1056342,4.584816241195753,21.665749350115778
344,357,42054710,182.529064854732127,24.615029493723771
345,358,8832465,38.335339295221672,18.050717325231403
346,359,976,0.004236109755559,21.812500000000000
347,360,15138406,65.704866127272453,11.339610854669903
348,361,6502,0.028220477080581,45.343125192248536
349,362,9843,0.042721340495871,29.582444376714417
350,363,7432,0.032256934122251,33.500807319698602
351,364,17343,0.075273413412567,26.009340944473273
352,365,233,0.001011284398612,72.987124463519308
353,366,581408,2.523471414713360,18.157749807364191
354,367,2712111,11.771311337356325,18.217124594089253
355,368,4252381,18.456508850876173,20.177021532172212
356,369,20694599,89.820279417303666,14.829396887564721
357,370,26539,0.115186595084825,27.363201326349902
358,371,425466,1.846640034076646,25.362355628886913
359,372,98518,0.427595349280937,28.552975090846342
360,373,675919,2.933675276504004,25.629684917867376
361,374,80823,0.350794158579479,21.936268141494377
362,375,112651,0.488936475485158,20.982414714472132
363,376,3159672,13.713849778245557,21.901826518701942
364,377,5264355,22.848755709249534,19.718806007573576
365,378,2477194,10.751706628906806,22.787544294068208
366,379,604645,2.624326417162061,25.614252991424721
367,380,421323,1.828658268997463,25.663016260683609
368,381,1344385,5.835002473081590,23.372233400402415
369,382,240595,1.044248797785653,26.025711257507428
370,383,1293909,5.615922682075839,26.039369074641261
371,384,1544726,6.704537785108754,25.561474332664822
372,385,1521165,6.602276533110052,22.050256218095999
373,386,1376839,5.975861803006715,25.115046857330452
374,387,4457,0.019344611865295,37.494278662777653
375,390,1548202,6.719624585836545,16.030094264185163
376,391,1446245,6.277103026054206,18.650465861593297
377,392,1150439,4.993223228561395,26.349716064910872
378,393,3860937,16.757533700102435,18.911765201037987
379,394,111019,0.481853144418485,20.862960394166763
380,395,1252997,5.438353294453458,21.280501868719558
381,396,1563324,6.785258245389381,24.204112519221862
382,397,1159540,5.032724083976708,26.372114804146470
383,398,536567,2.328849081159020,24.839201814498470
384,399,1781200,7.730900303895780,22.822438243880530
385,400,971650,4.217229553267648,37.109939793135389
386,401,1406744,6.105657768416553,25.073537900286052
387,402,990028,4.296995152742719,39.898333178455559
388,403,451909,1.961409962628137,26.485294605772403
389,404,747503,3.244369621526503,34.208312207442646
390,405,13215409,57.358527652260847,23.971511816244202
391,406,16160385,70.140537450916682,8.174581793688702
392,407,1951573,8.470366213100606,15.253464769188751
393,408,1919806,8.332488653054650,31.578936100835190
394,409,2879021,12.495746869426416,16.797035520060465
395,410,27276,0.118385378783439,22.592278926528817
396,411,403285,1.750368363494616,26.143102272586383
397,412,1252561,5.436460933947902,26.034701703150585
398,413,88293,0.383216023204508,29.723409556816510
399,414,297756,1.292343336451152,28.425892341380191
400,415,365139,1.584804180363913,31.087418763813233
401,416,2113588,9.173556092247066,31.153387036641011
402,417,202181,0.877521420582727,29.025279328918149
403,418,1740694,7.555093068487290,27.515578843840444
404,419,4877250,21.168613017727203,27.570202675688144
405,420,4952304,21.494368121819157,20.495604874014195
406,421,2918205,12.665816259448789,20.721053181664757
407,422,1025670,4.451691283795634,19.036879308159545
408,423,6867898,29.808575530723793,20.673688659907295
409,424,67,0.000290798518056,41.373134328358212
410,425,771,0.003346353095836,29.647211413748380
411,426,2818890,12.234761709885905,24.271175178882469
412,427,5263,0.022842874634743,22.907467224016720
413,428,17098287,74.211291356611980,9.827319134367086
414,429,23181037,100.612107561149401,14.011392889800399
415,430,2259832,9.808295472464298,26.800630312341802
416,431,4319,0.018745653723628,24.221579069228987
417,432,7831,0.033988704401419,24.299067807431999
418,433,35397,0.153632763337637,23.860722660112440
419,434,12765117,55.404135916553550,25.492531717492287
420,435,384,0.001666666133335,31.229166666666668
421,436,1358420,5.895918252199699,25.768759293885545
422,437,53430,0.231900967458540,23.515721504772600
423,438,17578594,76.295956488131893,16.214989662995801
424,439,26615639,115.519229526993243,15.346631580027067
425,440,4587,0.019908847795851,32.406147809025505
426,441,89888623,390.141468036982474,54.279362739820812
427,442,361060,1.567100192973619,20.338708247936630
428,443,7564533,32.832163972900098,28.661640051011741
429,444,7481481,32.471695338249773,28.140200850606984
430,445,603865,2.620941001578725,30.573985907446200
431,446,461057,2.001114811033728,19.101093791006317
432,447,7113737,30.875584737892797,17.529787367736535
433,448,53147011,230.672716983523657,61.081813180425144
434,449,3112154,13.507608524798151,28.979167483357188
435,450,2633970,11.432157800051856,28.238759742897603
436,451,3760298,16.320732624600659,33.588428629858591
437,452,2739591,11.890582132523098,11.976451959434820
438,453,726,0.003151040658336,42.279614325068870
439,454,2595340,11.264492923148929,22.427814467468618
440,455,4095454,17.775402297996401,16.950353489503240
441,456,6141474,26.655694595198760,16.143699541836373
442,457,26451107,114.805115172175945,56.044932032523249
443,458,6420759,27.867868686470672,31.627962363951053
444,459,16760656,72.745879499153730,14.123480011760876
445,460,574458,2.493306493810556,19.495101469559131
446,461,1936568,8.405240365885270,17.600982769518033
447,462,1367655,5.936000704651124,26.541727994267561
448,463,8040270,34.896994041322770,14.182205448324497
449,464,148107,0.642825315129740,16.970528064169823
450,465,2867519,12.445825010401371,26.611004844257351
451,466,24163953,104.878234668214319,18.872639960854087
452,467,5422670,23.535886565757089,23.899169228442815
453,468,266,0.001154513519445,60.285714285714285
454,469,661,0.002868922693058,45.065052950075646
455,470,9303252,40.378684995519322,16.002995511676993
456,471,2123804,9.217896355835993,15.394628694549969
457,472,4237410,18.391530573058059,34.548414479599565
458,473,171697,0.745212435143720,28.401008753793018
459,474,140,0.000607638694445,20.007142857142856
460,475,34899146,151.471939376321131,15.933872250054485
461,476,41543067,180.308392822289875,58.738615832095398
462,477,48649,0.211150106043244,35.978457933359373
463,478,63612,0.276093661650246,25.153948940451489
464,479,2044,0.008871524938897,23.327299412915853
465,480,6284010,27.274340230565979,27.467658708372522
466,481,27115561,117.689029179881288,35.471651388662032
467,482,24135939,104.756646165455876,39.058985855076948
468,483,55710663,241.799675228461354,43.281443625971569
469,484,12057694,52.333724572693868,30.799442331178749
470,485,6390279,27.735577062137221,33.029489792229732
471,486,442559,1.920828378391990,19.969303527891196
472,487,2120890,9.205248790438761,43.926769893771009
473,488,2971,0.012894961151400,31.984516997643890
474,489,52013,0.225750795815479,29.737700190337030
475,490,573893,2.490854237650831,22.346160346963632
476,491,18672633,81.044388128359742,43.983764421439652
477,492,40013655,173.670322029800644,15.312793645069414
478,493,1760062,7.639155541587365,16.125434785820044
479,494,27449,0.119136246598717,25.834383766257424
480,495,50,0.000217013819445,60.060000000000002
481,497,11091,0.048138005429210,26.080966549454512
482,498,5078365,22.041507703679368,27.577529972737288
483,499,25,0.000108506909722,32.560000000000002
484,500,3727901,16.180120690429700,10.309951632299247
485,501,3630,0.015755203291681,28.517906336088153
486,502,12203,0.052964392773658,46.040973531098913
487,503,6920,0.030034712611138,21.615895953757224
488,504,594182,2.578914105305076,25.674232810822275
489,505,1360002,5.902784569446928,15.882817819385560
490,506,1207579,5.241226621422728,15.237454443974267
491,507,20561869,89.244194532205938,10.473973353297795
492,508,69879,0.303294173779437,26.284978319666852
493,509,169224,0.734478931633988,31.908174963362171
494,510,465768,2.021561853101802,28.431611875440133
495,511,11962943,51.922479044569890,21.577975001636304
496,512,12853,0.055785572426439,26.262195596358826
497,513,132,0.000572916483334,20.189393939393938
498,514,11979929,51.996202979311626,18.732447746560101
499,515,1210433,5.253613770236627,20.732919542015129
500,517,2387,0.010360239740287,34.429828236279846
501,518,48279865,209.547958118429847,19.588780933832354
502,519,3332256,14.462912038546225,22.354052029615971
503,520,8662843,37.599132933584904,19.817505292431132
504,521,2686286,11.659223699613170,11.255868139133360
505,522,1687300,7.323348350978750,51.870254845018671
506,523,502,0.002178818747224,25.832669322709162
507,524,2784,0.012083329466677,29.779094827586206
508,525,423,0.001835936912502,43.366430260047281
509,526,16723801,72.585918612841084,22.453241102306826
510,527,1047601,4.546877885280442,29.085668112191570
511,528,356391,1.546835442513879,13.872617434222525
512,529,719891,3.124525909876396,23.902399113199081
513,530,16601903,72.056847601587833,13.594487390993670
514,531,1639669,7.116616646299398,31.954141354139157
515,532,6618,0.028723949141692,34.487458446660625
516,533,215295,0.934439805146666,34.253076011983559
517,534,70554,0.306223860341940,34.208506959208549
518,535,692325,3.004881850940178,28.177228902610768
519,536,1827555,7.932093815902904,25.660161253696881
520,537,1445607,6.274333929718092,29.260927762524670
521,538,124161,0.538893056721314,24.190196599576357
522,539,106725,0.463215997604580,28.100192082454907
523,540,1753,0.007608504509729,45.373074729035942
524,541,2461054,10.681654567990076,15.874459885886290
525,542,14846612,64.438399518651877,18.383563132113913
526,543,9798582,42.528554099229574,17.127709499190800
527,544,11134545,48.327002764563908,25.417804768852253
528,545,1076504,4.672324893748609,10.303651449506923
529,546,35,0.000151909673611,73.314285714285717
530,547,10,0.000043402763889,69.799999999999997
531,549,10045,0.043598076326428,32.002887008461919
532,550,92483,0.401401781273969,30.200717969789043
533,551,909,0.003945311237504,39.226622662266223
534,552,1880,0.008159719611118,29.731382978723403
535,553,581265,2.522850755189749,24.907837217104074
536,554,3482040,15.113015997180138,16.446388324085881
537,555,17811941,77.308746962650858,25.937091471389895
538,556,18,0.000078124975000,66.833333333333329
539,557,5026571,21.816707428393059,45.699138637452847
540,558,384358,1.668219952282042,11.813465571160220
541,559,1612094,6.996933524875681,13.651450845918415
542,560,2498515,10.844245661794389,11.602066027220168
543,561,2415568,10.484232756164900,8.849230905526154
544,562,2815019,12.217960499984502,26.548664147559929
545,563,3843326,16.681097092617648,18.308176043354116
546,564,913817,3.966218348868813,30.744598754455215
547,565,15937164,69.171696615111657,27.059457253498802
548,566,3853886,16.726930411284354,22.634296914854254
549,567,5130788,22.269038012814296,22.080663438052792
550,568,10616953,46.080510427884128,24.710225900029887
551,569,212973,0.924361683371657,30.149680945471960
552,570,16931481,73.487307213286343,17.400224056005495
553,571,618158,2.682976572005169,32.847682954843258
554,572,5220430,22.658109068867418,23.164278613064440
555,573,6245988,27.109314241707498,21.716166761767713
556,574,22288,0.096736080155642,24.471643933955491
557,575,2391878,10.381411608512032,16.726648265505180
558,576,72,0.000312499900000,58.777777777777779
559,577,941,0.004084200081948,27.825717321997875
560,578,4669064,20.265028237429174,30.327515107953115
561,580,51890335,225.218395812235457,12.271500983757379
562,581,3754,0.016293397563903,15.704848161960575
563,582,970957,4.214221741730145,23.322147118770449
564,583,3195300,13.868485145429029,23.038867398992270
565,584,968959,4.205549869505138,21.343369533695441
566,585,8062,0.034991308247253,25.711237906226742
567,586,13844,0.060086786327831,35.038139266108061
568,587,6404,0.027795129994469,34.596658338538411
569,588,19815,0.086002576645910,31.557103204642946
570,589,11407,0.049509532768100,33.996405715788548
571,590,6731,0.029214400373637,37.604516416580005
572,591,3703566,16.074500064505994,24.211142180266261
573,592,5521435,23.964553963306084,11.965535408820353
574,593,94921390,411.985067817881088,54.959730151444262
575,594,1486162,6.450353838669638,23.342444497975322
576,595,6435804,27.933168144741565,23.474842304085083
577,596,679,0.002947047668058,21.483063328424151
578,597,135624341,588.647125001439917,48.727152731381750
579,598,2591707,11.248724699028083,19.427834627911256
580,599,5547449,24.077461913286740,15.533381199178217
581,600,1330876,5.776369679344038,27.684651312368697
582,601,1451519,6.299993643729227,24.428256192306129
583,602,271317,1.177590769005216,26.656947408382077
584,603,621857,2.699031254367684,25.423261296407372
585,604,342129,1.484934420655490,31.927132748173936
586,605,1991540,8.643834039535482,26.882041535695993
587,606,546223,2.370758789970169,26.464433024607168
588,607,19314983,83.832364666765002,41.340150493531368
589,608,42980789,186.548503672681562,9.674653971568553
590,609,14218239,61.711087023334173,9.767932934591970
591,610,7633513,33.131556238205917,10.938314377665957
592,611,24736339,107.362548109347088,16.375329591011830